% Task 3
x = [1;2;3]
A = [0 1;-2 -3]
C = [-1 2 0;4 10 -2;1 0 6]
C(2,3)
C(2,:)
C(3,:)